image_width: 1920
image_height: 1080
camera_name: head_camera
camera_matrix:
  rows: 3
  cols: 3
  data: [1125.94879156456, 0.0, 1013.5182775593529, 0.0, 1121.8652548128784, 557.1764611762311, 0.0, 0.0, 1.0]
distortion_model: plumb_bob
distortion_coefficients:
  rows: 1
  cols: 5
  data: [-0.35750333050474764, 0.11128922028758478, -0.0017871669033498747, -0.0032504423751774977, 0.0]
rectification_matrix:
  rows: 3
  cols: 3
  data: [1, 0, 0, 0, 1, 0, 0, 0, 1]
projection_matrix:
  rows: 3
  cols: 4
  data: [819.7568969726562, 0.0, 996.52532339561, 0.0, 0.0, 1017.4799194335938, 558.4114684375199, 0.0, 0.0, 0.0, 1.0, 0.0]
