image_width: 640
image_height: 480
camera_name: usb_cam_acer
camera_matrix:
  rows: 3
  cols: 3
  data: [376.36041,   0.     , 323.12671,
           0.     , 375.78768, 240.22652,
           0.     ,   0.     ,   1.     ]
distortion_model: plumb_bob
distortion_coefficients:
  rows: 1
  cols: 5
  data: [-0.317240, 0.071781, -0.000669, 0.000438, 0.000000]
rectification_matrix:
  rows: 3
  cols: 3
  data: [1., 0., 0.,
         0., 1., 0.,
         0., 0., 1.]
projection_matrix:
  rows: 3
  cols: 4
  data: [257.00903,   0.     , 326.38299,   0.     ,
           0.     , 315.47028, 239.20197,   0.     ,
           0.     ,   0.     ,   1.     ,   0.     ]
